,correctness,context
0,0.7750278115272522,0.7965465188026428
1,0.8178116679191589,0.8143240213394165
2,0.8120518922805786,0.807737410068512
3,0.8402717113494873,0.7870230674743652
4,1.0,0.7820547819137573
5,0.8287593126296997,0.7864887714385986
6,1.0,0.7381439208984375
7,0.7771902084350586,0.8287761211395264
8,1.0,0.7206723690032959
9,1.0,1.0
10,1.0,1.0
11,0.7789276242256165,0.8128045797348022
12,0.7754608988761902,0.7538423538208008
13,0.7927294373512268,0.7456749677658081
14,0.8020738363265991,0.8395059704780579
15,0.7622402310371399,0.7568893432617188
16,1.0,0.8119038343429565
17,1.0,0.8305844068527222
18,0.8053234815597534,0.7969934344291687
19,0.7820581197738647,0.7816075086593628
